1	3021	0.05286073452448856
1	3518	0.04347052198329404
2	3021	0.05247557645638452
2	3518	0.04342759694609096
3	3021	0.05245530374014500
3	3518	0.04341081970590983
4	3021	0.05248676140327528
4	3518	0.04203140937140087
5	3021	0.05248396516655260
5	3518	0.04167549637078487
6	3021	0.05104261275794104
6	3518	0.04035370606033222
7	3021	0.05096227851611024
7	3518	0.04030036567587524
8	3021	0.05100919020933152
8	3518	0.04315372345235570
9	3021	0.05252520965821227
9	3518	0.04324410125666148
10	3021	0.05237426816931578
10	3518	0.04340272034858100
11	3021	0.05108511444628235
11	3518	0.04235361588930400
12	3021	0.05248955763999798
12	3518	0.04322719278991940
13	3021	0.05090212726316323
13	3518	0.04204296815436789
14	3021	0.05244048277910868
14	3518	0.00000000000000000
15	3021	0.05228668466901094
15	3518	0.04312413638282569
16	3021	0.05234697964198799
16	3518	0.04316659545654612
17	3021	0.05110417224662206
17	3518	0.04334230999683058
18	3021	0.05248116892982990
18	3518	0.04335502817395620
19	3021	0.05250214070525008
19	3518	0.04322791682999468
20	3021	0.05095892743364516
20	3518	0.04288475940689216
21	3021	0.05244831314833828
21	3518	0.04196726420674005
22	3021	0.05236445065942911
22	3518	0.04339597945465880
23	3021	0.05248536328491394
23	3518	0.04338656702869673
24	3021	0.05250214070525008
24	3518	0.04341673826635233
25	3021	0.05229655233002509
25	3518	0.04308980738862082
26	3021	0.05250214070525008
26	3518	0.04339341522530991
27	3021	0.05101961470295586
27	3518	0.04250081193558129
28	3021	0.05062978449438486
28	3518	0.04105130136322280
29	3021	0.05247487739720383
29	3518	0.04337228530873388
30	3021	0.05231721436009076
30	3518	0.04327491236251364
31	3021	0.05248186798901058
31	3518	0.04337806327253974
32	3021	0.05239604911273353
32	3518	0.04328419666831698
33	3021	0.05246648868703577
33	3518	0.04342007611428562
34	3021	0.05236036943557178
34	3518	0.04341834053771517
35	3021	0.05241791461961620
35	3518	0.04338516333513321
36	3021	0.05247557645638452
36	3518	0.04337988026421401
37	3021	0.05239973532841534
37	3518	0.04328258580211741
38	3021	0.05249724729098537
38	3518	0.04327143382433454
39	3021	0.05096306825614116
39	3518	0.04231407096044187
40	3021	0.05232323706111998
40	3518	0.04330724398265775
41	3021	0.05228101989061272
41	3518	0.04303874700985815
42	3021	0.05246089621359040
42	3518	0.04332608144686859
43	3021	0.04795368655125865
43	3518	0.00000000000000000
44	3021	0.05248046987064921
44	3518	0.04341880045774647
45	3021	0.05235382496704438
45	3518	0.04322454920757852
46	3021	0.05239670853106700
46	3518	0.04292125382087801
47	3021	0.05242051031130376
47	3518	0.04317120654769437
48	3021	0.05232131067508302
48	3518	0.04312873220989936
49	3021	0.05249864540934673
49	3518	0.04337205952572250
50	3021	0.05250214070525008
50	3518	0.04328555805999949
51	3021	0.05249794635016605
51	3518	0.04329166645283165
52	3021	0.05235099262935078
52	3518	0.04299526116185007
53	3021	0.05229310731234314
53	3518	0.04323395502986540
54	3021	0.05224560899307933
54	3518	0.04322959484181055
55	3021	0.05243013760964078
55	3518	0.04338999278706429
56	3021	0.05238720607397267
56	3518	0.04332276675610312
57	3021	0.00000000000000000
57	3518	0.04279984751748041
58	3021	0.05237097402844323
58	3518	0.04315900225302305
59	3021	0.05246229433195174
59	3518	0.04336328805047977
60	3021	0.05101296705928206
60	3518	0.04308346056639099
61	3021	0.05229108760932391
61	3518	0.04302769214575379
62	3021	0.05104691411577560
62	3518	0.04319681536108323
63	3021	0.05243782726062818
63	3518	0.04333605241161306
64	3021	0.05227606423809161
64	3518	0.04334801977914669
65	3021	0.05107898872474460
65	3518	0.04088881000851648
66	3021	0.05226422541606460
66	3518	0.04339465080840178
67	3021	0.05198999917672827
67	3518	0.04333761222112708
68	3021	0.05224272267377746
68	3518	0.04320667713350129
69	3021	0.05233008996501635
69	3518	0.04326954900301924
70	3021	0.05219132633660355
70	3518	0.04312684676591375
71	3021	0.05242943855046012
71	3518	0.04283141080120161
72	3021	0.05090208451371460
72	3518	0.04327485806346174
73	3021	0.05227077729009810
73	3518	0.04332672431732641
74	3021	0.05088872799103861
74	3518	0.04139188920575139
75	3021	0.05237798553502169
75	3518	0.04338760825124344
76	3021	0.05190160535496997
76	3518	0.04342239021637959
77	3021	0.05079544390257814
77	3518	0.04303794624395392
78	3021	0.05242314701783406
78	3518	0.04201470974967868
79	3021	0.05226450202708698
79	3518	0.04259426652960745
80	3021	0.05102385723090477
80	3518	0.04328407554766205
81	3021	0.05229455858652115
81	3518	0.04256253068310963
82	3021	0.05105516647431997
82	3518	0.04106049091114850
83	3021	0.05233095097694376
83	3518	0.04316050216755710
84	3021	0.05104836011705580
84	3518	0.04260643891446308
85	3021	0.05235090363905998
85	3518	0.04328012788726898
86	3021	0.05072660577356960
86	3518	0.04133843661360877
87	3021	0.05237090895568737
87	3518	0.04288411831250918
88	3021	0.05243293384636346
88	3518	0.04337709559298870
89	3021	0.05099850320810200
89	3518	0.00000000000000000
90	3021	0.05233109720637819
90	3518	0.04301306593638553
91	3021	0.05192076474351662
91	3518	0.00000000000000000
92	3021	0.05216593627937486
92	3518	0.04335805150352436
93	3021	0.05056907341781378
93	3518	0.04242279095174347
94	3021	0.05087233463919943
94	3518	0.04317653710156729
95	3021	0.05223776322565720
95	3518	0.04278558068894529
96	3021	0.05243922537898953
96	3518	0.04283988140792836
97	3021	0.05234473310771416
97	3518	0.04295904496140645
98	3021	0.05229680607048698
98	3518	0.04336852547964674
99	3021	0.05241545736684664
99	3518	0.04311679561686567
100	3021	0.05230417717697163
100	3518	0.04321634605714503
101	3021	0.05228176655544148
101	3518	0.04043067850966423
102	3021	0.05205998447473825
102	3518	0.04312437248071970
103	3021	0.05217148145391284
103	3518	0.04257717835040117
104	3021	0.05178899283595712
104	3518	0.00000000000000000
105	3021	0.05238738360711841
105	3518	0.04324858471059205
106	3021	0.05248326610737192
106	3518	0.04310615190013247
107	3021	0.05248396516655260
107	3518	0.04338962225488251
108	3021	0.05242810920887521
108	3518	0.04341150240048863
109	3021	0.05231240132329456
109	3518	0.04333134631128477
110	3021	0.05239867994651051
110	3518	0.04330930550324993
111	3021	0.05229404234922810
111	3518	0.04334653141325957
112	3021	0.05237141663846428
112	3518	0.04285138415893541
113	3021	0.05186315965726165
113	3518	0.04334313221966183
114	3021	0.05062169206276778
114	3518	0.04304359230087459
115	3021	0.05235390386214413
115	3518	0.04330503496064720
116	3021	0.04967304689583493
116	3518	0.00000000000000000
118	3021	0.05241543124825717
118	3518	0.04340197920490024
119	3021	0.05246229433195174
119	3518	0.04341660496114470
120	3021	0.05235538596978224
120	3518	0.04339176242136156
121	3021	0.05251332565214084
121	3518	0.04332120206692523
122	3021	0.05247487739720383
122	3518	0.04317961333748131
123	3021	0.05226943401526099
123	3518	0.04333243218741793
124	3021	0.05219122270134612
124	3518	0.04280309464105889
125	3021	0.05112039682105103
125	3518	0.04020448142216897
126	3021	0.05085297310631987
126	3518	0.04297924003010496
127	3021	0.05232720230435775
127	3518	0.04328503093514337
128	3021	0.05186235246026314
128	3518	0.04323060614092961
129	3021	0.05089542634357493
129	3518	0.04331838161706973
130	3021	0.05090528020762036
130	3518	0.04171508423297970
131	3021	0.05241299793140163
131	3518	0.04318688988141874
132	3021	0.05239077948513194
132	3518	0.04340475241168910
133	3021	0.05236409701720030
133	3518	0.04232435024008861
134	3021	0.05248466422573325
134	3518	0.04342084311822635
135	3021	0.05246229433195174
135	3518	0.04338012496963711
136	3021	0.05155689491152686
136	3518	0.04266125511747788
137	3021	0.05243153572800215
137	3518	0.04322007485332154
138	3021	0.05240147618323320
138	3518	0.04320510648520801
139	3021	0.05228332321374248
139	3518	0.04280914775362828
140	3021	0.05244132255653155
140	3518	0.04304001500019076
141	3021	0.05231065477697924
141	3518	0.04327589283517567
142	3021	0.05235879009620504
142	3518	0.04334553817601909
143	3021	0.05243091013194921
143	3518	0.04045212038536072
144	3021	0.05219939505665831
144	3518	0.04321772941187924
145	3021	0.05246089621359040
145	3518	0.04324025825213895
146	3021	0.05233923640581033
146	3518	0.04328269370499657
147	3021	0.05241916131930185
147	3518	0.04295937629522587
148	3021	0.05249654823180469
148	3518	0.04334807721556013
149	3021	0.05238120346699369
149	3518	0.04302702600555364
150	3021	0.05244481785243491
150	3518	0.04338550069698963
151	3021	0.05246089621359040
151	3518	0.04340022850177772
152	3021	0.05232643526250412
152	3518	0.04328950370612531
153	3021	0.05239448559142646
153	3518	0.00000000000000000
154	3021	0.05223182490303445
154	3518	0.04239419541589094
155	3021	0.05220452439475753
155	3518	0.04341224209639896
156	3021	0.05234585766027835
156	3518	0.04029857346952430
157	3021	0.05238819405880043
157	3518	0.04335528125565506
158	3021	0.05226855933024058
158	3518	0.04332968949815703
159	3021	0.05238399970371639
159	3518	0.04326297830446866
160	3021	0.05238469876289705
160	3518	0.04327687703019747
161	3021	0.05243503102390549
161	3518	0.04318649504260400
162	3021	0.05239238841388446
162	3518	0.04312396711397002
163	3021	0.05238190252617438
163	3518	0.04286768089905190
164	3021	0.05223072421350166
164	3518	0.04067150549609096
165	3021	0.05238448429221487
165	3518	0.04324544605270998
166	3021	0.05100919753244859
166	3518	0.04326954203863095
167	3021	0.05243223478718281
167	3518	0.04318469112252641
168	3021	0.05184003097193702
168	3518	0.04113809430766600
170	3021	0.05237001852010292
170	3518	0.04329542011274305
171	3021	0.05233901653928055
171	3518	0.04336094292699445
172	3021	0.05242314701783406
172	3518	0.04334618638953722
173	3021	0.05230241855876241
173	3518	0.04335528125565506
174	3021	0.05234576496755141
174	3518	0.04281537620172510
175	3021	0.05233762706923214
175	3518	0.04336627324060132
176	3021	0.05242244795865339
176	3518	0.04314521586018583
177	3021	0.05231528382259742
177	3518	0.04323293562669150
178	3021	0.05234560820848227
178	3518	0.04328990608974067
179	3021	0.05247417833802318
179	3518	0.00000000000000000
180	3021	0.05242524419537607
180	3518	0.04313501729464979
181	3021	0.05221903303546531
181	3518	0.04312281183714098
182	3021	0.05223149527593988
182	3518	0.04300762328481506
183	3021	0.05233872124210966
183	3518	0.04336001471656211
184	3021	0.05220601867695896
184	3518	0.04333156170919208
185	3021	0.05240077712405253
185	3518	0.04315267714973698
186	3021	0.05239168935470378
186	3518	0.04289727792730626
187	3021	0.05232575413878116
187	3518	0.04039156610194629
188	3021	0.05244272067489290
188	3518	0.04304358722666300
189	3021	0.05240706865667859
189	3518	0.04322264071266763
190	3021	0.05243083666882144
190	3518	0.04286848822198520
191	3021	0.05233513185254900
191	3518	0.04336916586821876
192	3021	0.05245670185850635
192	3518	0.00000000000000000
193	3021	0.05241615642602733
193	3518	0.00000000000000000
194	3021	0.05245740091768702
194	3518	0.00000000000000000
195	3021	0.05230611002484348
195	3518	0.00000000000000000
196	3021	0.00000000000000000
196	3518	0.04330599754694842
197	3021	0.05232335599697063
197	3518	0.04334507904483420
198	3021	0.05243573008308617
198	3518	0.04333778950882006
199	3021	0.05232904679379929
199	3518	0.04336743029164828
200	3021	0.05239728182814916
200	3518	0.04334665107470911
201	3021	0.05232994678777853
201	3518	0.04328958599132824
202	3021	0.05240567053831724
202	3518	0.04067556171698607
203	3021	0.05239798088732982
203	3518	0.04282027181193437
204	3021	0.05218721322090399
204	3518	0.00000000000000000
205	3021	0.05247278021966184
205	3518	0.00000000000000000
206	3021	0.05245390562178366
206	3518	0.00000000000000000
207	3021	0.05238588028113671
207	3518	0.00000000000000000
208	3021	0.05233925991615333
208	3518	0.04307176736599932
209	3021	0.00000000000000000
209	3518	0.04346867225825856
210	3021	0.05231695209331508
210	3518	0.04341908681556138
211	3021	0.05247147872081528
211	3518	0.04347646521479959
212	3021	0.05253289930919969
212	3518	0.04347503603901691
213	3021	0.05257624097840140
213	3518	0.04317000295594722
214	3021	0.05254338519690979
214	3518	0.04329822153841800
215	3021	0.05255177390707785
215	3518	0.04347731617694311
216	3021	0.05234963560822115
216	3518	0.04346404405407064
217	3021	0.05239034040706519
217	3518	0.04336423842184641
218	3021	0.05231063030712096
218	3518	0.04336080640834411
219	3021	0.05211953499822547
219	3518	0.04345667994653649
220	3021	0.05222411278297461
220	3518	0.04336758407920247
221	3021	0.05186590581920045
221	3518	0.04331963808666565
222	3021	0.00000000000000000
222	3518	0.04351949426776497
223	3021	0.05247140955078966
223	3518	0.04348949917710409
224	3021	0.05253220025001901
224	3518	0.04334660740987339
225	3021	0.05255387108461986
225	3518	0.04330281258323446
226	3021	0.05244530094557254
226	3518	0.04331808121832586
227	3021	0.05249849516693283
227	3518	0.04293697191847162
228	3021	0.05250913129705681
228	3518	0.04341464062364818
229	3021	0.05252241342148960
229	3518	0.04342562230711399
230	3021	0.05230134501007682
230	3518	0.04342875162370333
231	3021	0.05259861087218293
231	3518	0.04348580904658529
232	3021	0.05228468077166833
232	3518	0.04339184574996325
233	3021	0.05240087250741501
233	3518	0.04349817705995639
234	3021	0.05227787619147210
234	3518	0.04305417862790264
235	3021	0.00000000000000000
235	3518	0.04136577671183361
236	3021	0.05237624511021117
236	3518	0.04090757713708836
237	3021	0.05258532874775015
237	3518	0.04155580442759843
238	3021	0.05237389145372273
238	3518	0.04130559859924329
239	3021	0.05245901178986995
239	3518	0.04161674993939082
240	3021	0.05094812555866098
240	3518	0.04166856243053527
241	3021	0.05098577210053997
241	3518	0.03971311267342575
242	3021	0.05230645469870968
242	3518	0.04003083354494638
243	3021	0.05245340090311051
243	3518	0.04148636559339684
244	3021	0.05235416457271783
244	3518	0.04162233414932821
245	3021	0.05243105159327704
245	3518	0.04157430940722741
246	3021	0.05171417380219027
246	3518	0.04154258824719179
247	3021	0.05096372652863336
247	3518	0.04101901447291619
248	3021	0.05249158325316247
248	3518	0.04340753247220765
249	3021	0.05232239835728953
249	3518	0.04249381225501939
250	3021	0.05247496862974371
250	3518	0.04315528686014969
251	3021	0.05246638428777855
251	3518	0.04314104132854209
252	3021	0.05258043533348544
252	3518	0.04346796997949654
253	3021	0.05250764817951935
253	3518	0.04341531550886568
254	3021	0.05252800589493498
254	3518	0.04345431883810746
255	3021	0.05244844532188759
255	3518	0.04343421188333649
256	3021	0.05230699456137350
256	3518	0.04351611135118451
257	3021	0.05101362464952974
257	3518	0.04270061377884502
258	3021	0.05221544301848049
258	3518	0.04348429244739270
259	3021	0.05256156073560726
259	3518	0.04338253257042170
260	3021	0.05242171555980175
260	3518	0.04324494752667821
261	3021	0.00000000000000000
261	3518	0.04146498916741578
262	3021	0.05256086167642660
262	3518	0.04339556003077800
263	3021	0.05254548237445181
263	3518	0.04156311625319924
264	3021	0.05253429742756104
264	3518	0.04153950460614876
265	3021	0.05210944761420387
265	3518	0.04149319718649643
266	3021	0.05260699958235100
266	3518	0.04137536121039750
267	3021	0.05261049487825437
267	3518	0.04139430314341205
268	3021	0.05261259205579638
268	3518	0.04139247125033970
269	3021	0.05251986313788121
269	3518	0.04152883130079348
270	3021	0.05250018082648870
270	3518	0.04156151921808691
271	3021	0.05250821617930386
271	3518	0.04145895191408091
272	3021	0.05232592202734047
272	3518	0.04137090707608752
273	3021	0.05208593406342686
273	3518	0.04095182201532625
274	3021	0.05248504849164701
274	3518	0.04348149911233046
275	3021	0.05240517917427180
275	3518	0.04340077019508644
276	3021	0.05251612188886354
276	3518	0.04340566113441580
277	3021	0.05253150119083835
277	3518	0.04347387898796994
278	3021	0.00000000000000000
278	3518	0.04347289734145308
279	3021	0.05152215020470505
279	3518	0.04337553214589830
280	3021	0.05245388632690696
280	3518	0.04353693827003004
281	3021	0.05260909675989302
281	3518	0.04352330986844437
282	3021	0.05249281641981647
282	3518	0.04348942379323205
283	3021	0.05252003827794256
283	3518	0.04336648431511395
284	3021	0.05250236562856490
284	3518	0.04337686501065480
285	3021	0.05256365791314929
285	3518	0.04348238271273861
286	3021	0.05239529445585216
286	3518	0.04342229443449692
287	3021	0.00000000000000000
287	3518	0.04352247513194285
288	3021	0.05247313593429158
288	3518	0.04348660654948665
289	3021	0.05239751260552133
289	3518	0.04347544329641037
290	3021	0.05252451059903162
290	3518	0.04346809373273507
291	3021	0.05248788565195071
291	3518	0.00000000000000000
292	3021	0.05231035291657161
292	3518	0.04341856857510078
293	3021	0.05261538829251906
293	3518	0.04352469877297259
294	3021	0.05252217556151291
294	3518	0.04336119116361827
295	3021	0.05244617856205794
295	3518	0.04348523110063694
296	3021	0.05249709278557305
296	3518	0.04333512051524895
297	3021	0.05254408425609045
297	3518	0.00000000000000000
298	3021	0.05254757955199383
298	3518	0.04338006824958616
299	3021	0.05198175889991634
299	3518	0.00000000000000000
300	3021	0.00000000000000000
300	3518	0.04308393545183981
301	3021	0.05239281196098563
301	3518	0.04230292795504981
302	3021	0.05252870495411564
302	3518	0.04340903703458184
303	3021	0.05260560146398965
303	3518	0.04345686884677922
304	3021	0.05247676250348571
304	3518	0.04268653323652370
305	3021	0.05239115604608716
305	3518	0.04283319873095800
306	3021	0.05255876449888458
306	3518	0.04349644148338593
307	3021	0.05240665625110908
307	3518	0.04339747658139213
308	3021	0.05260140710890562
308	3518	0.04351217944510229
309	3021	0.05233863385650367
309	3518	0.04342906520531156
310	3021	0.05249551925463280
310	3518	0.04340076203460276
311	3021	0.05256715320905266
311	3518	0.04345382052756926
312	3021	0.05256225979478794
312	3518	0.00000000000000000
313	3021	0.05216077050219280
313	3518	0.04347313015763428
314	3021	0.05252171436230892
314	3518	0.04346577963064112
315	3021	0.05260420334562831
315	3518	0.03948673754547240
316	3021	0.05256016261724594
316	3518	0.03836131166629338
317	3021	0.05251891812558623
317	3518	0.03925712028556291
318	3021	0.05250074258688875
318	3518	0.03943668205187087
319	3021	0.05242218092440489
319	3518	0.03940973468090158
320	3021	0.05243676902140847
320	3518	0.04344547463814548
321	3021	0.05255107484789719
321	3518	0.03947306057584988
322	3021	0.05236136400106473
322	3518	0.03939590100410298
323	3021	0.05236278563927547
323	3518	0.03935761282487832
324	3021	0.05249375199508199
324	3518	0.04344263860970161
325	3021	0.05208928202461530
325	3518	0.00000000000000000
326	3021	0.00000000000000000
326	3518	0.04270831233418890
327	3021	0.05249934446852739
327	3518	0.04339672038450326
328	3021	0.05246351915228026
328	3518	0.04341239900727559
329	3021	0.05244230623368063
329	3518	0.04345909107819036
330	3021	0.05244586467918981
330	3518	0.00000000000000000
331	3021	0.05251052941541814
331	3518	0.04336207361646513
332	3021	0.05247977081146857
332	3518	0.04338615469136817
333	3021	0.05247417833802318
333	3518	0.04338714485106092
334	3021	0.05243884022549243
334	3518	0.04346404405407064
335	3021	0.05227371435723881
335	3518	0.04334334552961253
336	3021	0.05212846959211092
336	3518	0.04341255528248028
337	3021	0.05219882511439400
337	3518	0.04340097423167732
338	3021	0.05201912922402212
338	3518	0.04309743282852941
339	3021	0.05203195496488960
339	3518	0.04236997036104615
340	3021	0.00000000000000000
340	3518	0.00000000000000000
341	3021	0.05260350428644764
341	3518	0.04327460613126284
342	3021	0.05195973927548356
342	3518	0.00000000000000000
343	3021	0.05237333776839810
343	3518	0.00000000000000000
344	3021	0.05247907175228789
344	3518	0.04330583749623738
345	3021	0.05243113926756152
345	3518	0.04314510775571970
346	3021	0.05241782923606358
346	3518	0.04321341046009203
347	3021	0.05096693482394098
347	3518	0.04131431406906609
348	3021	0.05206337257966383
348	3518	0.04170270723892502
349	3021	0.05159466853404571
349	3518	0.04174212550708356
350	3021	0.05211145015780668
350	3518	0.00000000000000000
351	3021	0.00000000000000000
351	3518	0.00000000000000000
352	3021	0.00000000000000000
352	3518	0.04222458797161856
353	3021	0.00000000000000000
353	3518	0.04217155385108659
354	3021	0.05255037578871650
354	3518	0.04323923694613595
355	3021	0.05256025320936954
355	3518	0.04312030022520154
356	3021	0.00000000000000000
356	3518	0.04147258701311887
357	3021	0.00000000000000000
357	3518	0.04197372425356016
358	3021	0.05251262659296017
358	3518	0.04318158752567179
359	3021	0.05234228242008265
359	3518	0.04093227284464757
360	3021	0.00000000000000000
360	3518	0.00000000000000000
361	3021	0.05151265893097067
361	3518	0.04201900663485818
362	3021	0.00000000000000000
362	3518	0.00000000000000000
363	3021	0.00000000000000000
363	3518	0.00000000000000000
364	3021	0.04950253779976932
364	3518	0.00000000000000000
365	3021	0.05235205026047609
365	3518	0.04334323499125790
366	3021	0.05248116892982990
366	3518	0.04340605668372879
367	3021	0.05247837269310721
367	3518	0.04342991104818491
368	3021	0.05244831314833828
368	3518	0.04339124517012129
369	3021	0.05239045159200954
369	3518	0.04258297954206149
370	3021	0.05244062349735088
370	3518	0.04318292383999291
371	3021	0.05249934446852739
371	3518	0.04276017806189317
372	3021	0.05233739045364667
372	3518	0.04238461213590768
373	3021	0.05237718946783027
373	3518	0.04285549258554833
374	3021	0.05250633506033413
374	3518	0.04345305206912439
375	3021	0.05244202161571223
375	3518	0.04321901964050118
376	3021	0.05219574511401373
376	3518	0.04306523755474877
377	3021	0.05214640239340127
377	3518	0.04227486378409449
378	3021	0.05210372418308109
378	3518	0.04326938217314118
379	3021	0.05245390562178366
379	3518	0.04339301864517898
380	3021	0.05247487739720383
380	3518	0.04338351261372538
381	3021	0.05244341973407357
381	3518	0.04331062586639034
382	3021	0.05246439150949376
382	3518	0.04335018158392908
383	3021	0.05249305293590133
383	3518	0.04304896830280059
384	3021	0.05247487739720383
384	3518	0.04334994963206645
385	3021	0.05249305293590133
385	3518	0.04344206008417813
386	3021	0.05245949809522903
386	3518	0.04341429085905076
387	3021	0.05239045039926991
387	3518	0.04340741081805461
388	3021	0.05216398721385657
388	3518	0.04330240604146703
389	3021	0.05240371088675944
389	3518	0.04316266406410880
390	3021	0.05237369974903034
390	3518	0.04289560545106091
391	3021	0.05252311248067028
391	3518	0.04091468629952975
392	3021	0.05248466422573325
392	3518	0.04142172461365058
393	3021	0.05242035078111137
393	3518	0.04133363741121696
394	3021	0.05245670185850635
394	3518	0.04145137434517643
395	3021	0.05245949809522903
395	3518	0.04341429085905076
396	3021	0.05240929048755292
396	3518	0.04123037196374313
397	3021	0.05249095575835933
397	3518	0.04147844183465409
398	3021	0.05246648868703577
398	3518	0.04342007611428562
399	3021	0.05247208116048117
399	3518	0.04129022670325563
400	3021	0.05230463911197302
400	3518	0.04126284896402515
401	3021	0.05245809997686769
401	3518	0.04146722215661077
402	3021	0.05240091879198671
402	3518	0.04129402064527657
403	3021	0.05238765430831242
403	3518	0.04105399051381856
404	3021	0.05212550087680939
404	3518	0.00000000000000000
405	3021	0.05248676140327528
405	3518	0.04328967573259437
406	3021	0.05236463398167161
406	3518	0.04327388548134078
407	3021	0.05245809997686769
407	3518	0.04338079428915571
408	3021	0.05240649906646894
408	3518	0.04342759694609096
409	3021	0.05246369245031308
409	3518	0.04316660460826996
410	3021	0.05248256704819126
410	3518	0.04343338220132582
411	3021	0.05245670185850635
411	3518	0.04341197675695679
412	3021	0.05246299339113240
412	3518	0.04309827657359496
413	3021	0.05241277566735113
413	3518	0.04334896494421630
414	3021	0.05225583381150658
414	3518	0.04339219615498706
415	3021	0.05238486866396683
415	3518	0.04287975866222083
416	3021	0.05190914090963824
416	3518	0.04267329188479416
417	3021	0.05249445105426268
417	3518	0.04340811871994638
418	3021	0.05231124673992951
418	3518	0.04320296064164766
419	3021	0.05251262659296017
419	3518	0.04340227232077661
420	3021	0.05243419144675133
420	3518	0.04336762611486615
421	3021	0.05251961718476690
421	3518	0.04342471498341888
422	3021	0.05257903721512409
422	3518	0.04351321872356707
423	3021	0.05234319963273507
423	3518	0.04343812633431502
424	3021	0.05231342525255406
424	3518	0.00000000000000000
425	3021	0.05233440653154866
425	3518	0.04340334686512155
426	3021	0.05235170046518112
426	3518	0.04325364793826527
427	3021	0.05252311248067028
427	3518	0.04342198618101629
428	3021	0.05250633506033413
428	3518	0.04337255734835982
429	3021	0.05243344355084038
429	3518	0.04332349314009304
430	3021	0.05227105114932693
430	3518	0.04344697043287513
431	3021	0.05235861500494335
431	3518	0.04331904401252185
432	3021	0.05253569554592238
432	3518	0.04347735014111086
433	3021	0.05252870495411564
433	3518	0.04347156488587598
434	3021	0.05254897767035517
434	3518	0.04331969473842309
435	3021	0.05243758001622430
435	3518	0.04341115621918396
436	3021	0.05254897767035517
436	3518	0.04347357356951290
437	3021	0.05215599487128299
437	3518	0.04328963646726937
438	3021	0.05251542282968287
438	3518	0.04340860649378851
439	3021	0.05247255274450528
439	3518	0.04338986298869307
440	3021	0.05224493368832486
440	3518	0.04328292056956295
441	3021	0.05243693306525212
441	3518	0.04339418396529204
442	3021	0.05244408687225898
442	3518	0.00000000000000000
443	3021	0.05243457895657464
443	3518	0.03812874557582705
444	3021	0.05250983035623747
444	3518	0.03801502479472139
445	3021	0.05252590871739297
445	3518	0.03785654389922808
446	3021	0.05244812515653915
446	3518	0.03796709741250538
447	3021	0.05245164042892996
447	3518	0.03801868795659366
448	3021	0.05236435116548787
448	3518	0.04328832645159518
449	3021	0.05252800589493498
449	3518	0.04331945477239905
450	3021	0.05233813554421123
450	3518	0.03801025396045643
451	3021	0.05236915337668264
451	3518	0.03811352694982889
452	3021	0.05247674033101375
452	3518	0.03809605320221879
453	3021	0.05227247613633482
453	3518	0.03808851796801024
454	3021	0.05251961718476690
454	3518	0.03807267601657730
455	3021	0.05252940401329630
455	3518	0.03705030951782074
456	3021	0.05259721275382158
456	3518	0.04346946572598677
457	3021	0.05257204662331735
457	3518	0.04329853346833219
458	3021	0.05249934446852739
458	3518	0.04339812445198621
459	3021	0.05230643228255633
459	3518	0.04287801846886581
460	3021	0.05237115999695794
460	3518	0.04335304434927373
461	3021	0.05242594325455677
461	3518	0.04321967120961987
462	3021	0.05255387108461986
462	3518	0.04347619252467488
463	3021	0.05254897767035517
463	3518	0.00000000000000000
464	3021	0.05254198707854843
464	3518	0.04328089762328758
465	3021	0.05253779272346440
465	3518	0.04316996465017300
466	3021	0.05251262659296017
466	3518	0.04345825879883578
467	3021	0.05225634659669937
467	3518	0.04334591787676439
468	3021	0.05228329611567419
468	3518	0.04314389070920602
469	3021	0.05243573008308617
469	3518	0.04136720361065289
470	3021	0.05205803441769970
470	3518	0.04084511208333586
471	3021	0.05233127341908129
471	3518	0.04146303211885885
472	3021	0.05204980672833168
472	3518	0.04144602023030965
473	3021	0.05146105553559206
473	3518	0.04144260763656742
474	3021	0.05177540672611351
474	3518	0.00000000000000000
475	3021	0.04985394044445712
475	3518	0.04146804464325995
476	3021	0.05133120485968515
476	3518	0.04027859199357746
477	3021	0.05228554684386647
477	3518	0.04135137352124876
478	3021	0.05243503102390549
478	3518	0.00000000000000000
479	3021	0.05237076633267422
479	3518	0.04146052670668365
480	3021	0.05231391410056531
480	3518	0.04132364172165311
481	3021	0.05218791029197403
481	3518	0.04103249386324880
482	3021	0.05228235620230942
482	3518	0.04318376407146866
483	3021	0.05218994359868939
483	3518	0.04341081970590983
484	3021	0.05236512510583821
484	3518	0.04333618991337999
485	3021	0.05192144088302026
485	3518	0.04321782546739993
486	3021	0.05156055148205185
486	3518	0.04323914271662294
487	3021	0.05200499775426522
487	3518	0.04333160025311367
488	3021	0.05207293749017669
488	3518	0.04335765970885872
489	3021	0.04826131962284838
489	3518	0.04249567054543882
490	3021	0.05238193667769411
490	3518	0.04336609002306258
491	3021	0.04856345529444572
491	3518	0.00000000000000000
492	3021	0.05166137029907216
492	3518	0.00000000000000000
493	3021	0.05218839165589272
493	3518	0.04324793372406775
494	3021	0.05228136600692067
494	3518	0.00000000000000000
495	3021	0.05223486851439907
495	3518	0.00000000000000000
496	3021	0.05236193438537785
496	3518	0.04340792707829240
497	3021	0.05117860953589626
497	3518	0.03242283963849532
498	3021	0.05243992443817021
498	3518	0.04339809214439312
499	3021	0.05172689400112809
499	3518	0.04325805726061741
500	3021	0.05125903148369965
500	3518	0.04336916586821876
501	3021	0.04967112231126576
501	3518	0.04317959488671826
502	3021	0.05186044994613025
502	3518	0.04340908412933935
503	3021	0.05245250750342231
503	3518	0.04314499040018822
504	3021	0.05239078178125079
504	3518	0.04340394118594190
505	3021	0.05244621597079626
505	3518	0.03631044790444901
506	3021	0.05227877448918804
506	3518	0.04251284683875960
507	3021	0.05238100972570791
507	3518	0.04325861094793775
508	3021	0.05238161495265801
508	3518	0.04337373283234658
509	3021	0.04930987692980454
509	3518	0.04333428026454483
510	3021	0.05122390277429210
510	3518	0.04334486779623230
511	3021	0.04647142389535326
511	3518	0.00000000000000000
512	3021	0.05232235234523538
512	3518	0.04327751153330861
513	3021	0.05229947073573401
513	3518	0.04262861139350837
514	3021	0.05082762086121885
514	3518	0.04339693509334612
515	3021	0.05198469739967553
515	3518	0.04333406463665552
516	3021	0.05244132255653155
516	3518	0.04324066983357479
517	3021	0.05247278021966184
517	3518	0.04333765627923924
518	3021	0.05228509552690952
518	3518	0.04333028564406672
519	3021	0.05243503102390549
519	3518	0.04334075326249398
520	3021	0.05230470868697239
520	3518	0.00000000000000000
521	3021	0.05230544469541410
521	3518	0.04298825076733401
522	3021	0.05240776771585926
522	3518	0.04324782872782278
523	3021	0.05094893146120111
523	3518	0.04261613644845681
524	3021	0.05240776771585926
524	3518	0.04260954600290073
525	3021	0.05245390562178366
525	3518	0.04328060024834272
526	3021	0.05241545736684664
526	3518	0.04331169666764267
527	3021	0.05234669477114864
527	3518	0.04317365246376721
528	3021	0.05244272067489290
528	3518	0.04262954879439945
529	3021	0.05236107561981901
529	3518	0.04311051042105737
530	3021	0.05235208396709509
530	3518	0.04130849127329075
531	3021	0.05230080775787765
531	3518	0.00000000000000000
532	3021	0.05226910873450452
532	3518	0.00000000000000000
533	3021	0.05209364410031182
533	3518	0.00000000000000000
534	3021	0.05242384607701474
534	3518	0.00000000000000000
535	3021	0.05076528493326488
535	3518	0.00000000000000000
536	3021	0.05234983975841001
536	3518	0.00000000000000000
537	3021	0.05242524419537607
537	3518	0.00000000000000000
538	3021	0.05233113409131238
538	3518	0.00000000000000000
539	3021	0.05242664231373741
539	3518	0.00000000000000000
540	3021	0.05228516252820240
540	3518	0.00000000000000000
541	3021	0.05214032931211499
541	3518	0.04253287509226936
542	3021	0.05241196207094329
542	3518	0.04334264004783317
543	3021	0.05246578962785509
543	3518	0.04329716018414329
544	3021	0.05234236975086826
544	3518	0.04265229740920032
545	3021	0.05242943855046012
545	3518	0.04318619063236748
546	3021	0.05236882255811594
546	3518	0.04296498031536112
547	3021	0.05230913506635485
547	3518	0.00000000000000000
548	3021	0.05226616043995740
548	3518	0.00000000000000000
549	3021	0.05234906158389739
549	3518	0.04286283345333740
550	3021	0.05243153572800215
550	3518	0.04254052831746331
551	3021	0.05240986489340128
551	3518	0.04279282731710650
552	3021	0.05207723365274924
552	3518	0.04318650456990645
553	3021	0.05216601357644435
553	3518	0.04321977061865415
554	3021	0.05072073834607195
554	3518	0.03615164531020040
555	3021	0.05232687823883945
555	3518	0.04322262647120251
556	3021	0.05195017844512891
556	3518	0.04290604626125561
557	3021	0.05244621597079626
557	3518	0.04312607409655487
558	3021	0.05236133677814536
558	3518	0.00000000000000000
559	3021	0.00000000000000000
559	3518	0.00000000000000000
560	3021	0.05084596099830151
560	3518	0.00000000000000000
561	3021	0.05226173168460215
561	3518	0.04313349586382805
562	3021	0.05234647143762518
562	3518	0.04306363133112974
563	3021	0.05240427241995588
563	3518	0.04278771468698000
564	3021	0.00000000000000000
564	3518	0.04207776225497567
565	3021	0.05240846677503993
565	3518	0.04242357786042665
566	3021	0.05232485268017847
566	3518	0.04324214049976106
567	3021	0.05213227801543843
567	3518	0.04328655034510229
568	3021	0.05180911821241159
568	3518	0.04184046168295118
569	3021	0.05249654823180469
569	3518	0.04261904805744924
570	3021	0.05110939995436917
570	3518	0.00000000000000000
571	3021	0.05218775978623216
571	3518	0.04056758134742249
572	3021	0.05218473053717647
572	3518	0.04160815783288464
573	3021	0.05228037565214084
573	3518	0.04339635656782265
574	3021	0.05240007806487185
574	3518	0.04331746815928588
575	3021	0.05220463244353182
575	3518	0.04312521870876113
576	3021	0.05248606234409461
576	3518	0.04343627482894327
577	3021	0.05218857153585824
577	3518	0.04321920031226328
578	3021	0.05235919416780744
578	3518	0.04317276191261503
579	3021	0.05258253251102747
579	3518	0.04323485289046506
580	3021	0.05255596826216189
580	3518	0.04335919152305180
581	3021	0.05230120549439755
581	3518	0.04338615242186796
582	3021	0.05240263492787791
582	3518	0.04344540278449566
583	3021	0.05216495616903694
583	3518	0.04308317118140290
584	3021	0.05234447524209700
584	3518	0.04332614533742110
585	3021	0.05215297811145335
585	3518	0.04322519426291164
586	3021	0.05234258440565823
586	3518	0.04337651727026896
587	3021	0.05245823975017112
587	3518	0.04345334992641645
588	3021	0.05257134756413668
588	3518	0.04346889312727141
589	3021	0.05246858586457779
589	3518	0.04340611437547089
590	3021	0.05239292562140340
590	3518	0.00000000000000000
591	3021	0.05245110938506096
591	3518	0.04302436653005489
592	3021	0.05262517512104849
592	3518	0.04345493262722133
593	3021	0.05254757955199383
593	3518	0.00000000000000000
594	3021	0.05254827861117449
594	3518	0.04348776360053363
595	3021	0.05177332146804572
595	3518	0.00000000000000000
596	3021	0.05223955348600653
596	3518	0.00000000000000000
597	3021	0.05243452129819758
597	3518	0.00000000000000000
598	3021	0.05145826920773443
598	3518	0.00000000000000000
599	3021	0.05235463473933380
599	3518	0.04330141622322040
600	3021	0.05252730683575429
600	3518	0.04347040783482901
601	3021	0.05258462968856947
601	3518	0.04334963335828199
602	3021	0.05248116892982990
602	3518	0.04291711078099857
603	3021	0.05234775887678404
603	3518	0.04343048957370841
604	3021	0.05233402224028446
604	3518	0.04316218492897749
605	3021	0.05259511557627957
605	3518	0.04301529867458933
606	3021	0.05244914470396989
606	3518	0.04305470308690966
607	3021	0.05241452873919436
607	3518	0.04331073169692626
608	3021	0.05253010307247700
608	3518	0.04185197880056279
609	3021	0.05200013624578549
609	3518	0.04290523156814777
610	3021	0.05248284473629173
610	3518	0.00000000000000000
611	3021	0.00000000000000000
611	3518	0.04294730348624990
612	3021	0.05229940795149188
612	3518	0.04322544064153611
613	3021	0.05228483891170430
613	3518	0.00000000000000000
614	3021	0.05213565425951276
614	3518	0.04339057131258778
615	3021	0.05241684547208914
615	3518	0.04338787420092338
616	3021	0.05254967672953582
616	3518	0.04339475794085481
617	3021	0.05242594325455677
617	3518	0.04328276590788590
618	3021	0.05254746675571019
618	3518	0.04334034903974890
619	3021	0.05248885858081730
619	3518	0.04336625820880232
620	3021	0.05091562476677568
620	3518	0.00000000000000000
621	3021	0.05244995786720157
621	3518	0.04324317136273545
622	3021	0.05209673083092503
622	3518	0.00000000000000000
623	3021	0.05200509754924328
623	3518	0.00000000000000000
624	3021	0.05215139240626663
624	3518	0.00000000000000000
625	3021	0.05072465602580678
625	3518	0.04323619946309288
626	3021	0.05205265901335970
626	3518	0.04351091231931389
627	3021	0.05218186734352422
627	3518	0.00000000000000000
628	3021	0.05236766587446447
628	3518	0.00000000000000000
629	3021	0.05248676140327528
629	3518	0.04343685335446676
630	3021	0.05245740091768702
630	3518	0.04341255528248028
631	3021	0.05228121181015033
631	3518	0.04335024528276295
632	3021	0.05228376923593684
632	3518	0.04343916745656071
633	3021	0.05215639450845438
633	3518	0.04324625642966384
634	3021	0.04387707713672777
634	3518	0.04338524502338898
635	3021	0.05160266582249600
635	3518	0.00000000000000000
636	3021	0.05243083666882144
636	3518	0.00000000000000000
637	3021	0.05245320656260298
637	3518	0.00000000000000000
638	3021	0.04734066332991101
638	3518	0.04346362560925735
639	3021	0.05105177861941339
639	3518	0.04340978945267828
640	3021	0.05166407217025375
640	3518	0.04345768027331229
641	3021	0.05241591930945318
641	3518	0.04343979405110654
642	3021	0.05245180844424165
642	3518	0.04340792707829240
643	3021	0.05249165481754000
643	3518	0.04344090303313117
644	3021	0.05236010599950568
644	3518	0.04300196764102022
645	3021	0.05186183352124368
645	3518	0.04332029812984447
646	3021	0.05218249156843360
646	3518	0.04336130860592821
647	3021	0.05056232303343725
647	3518	0.04340119645110464
648	3021	0.05131778780388878
648	3518	0.04338686293962660
649	3021	0.04979545324739523
649	3518	0.00000000000000000
650	3021	0.04539603848201383
650	3518	0.04337644652300048
651	3021	0.05233351295916040
651	3518	0.04346577963064112
652	3021	0.05236106058699014
652	3518	0.04350338378966778
653	3021	0.05249654823180469
653	3518	0.04344495271179558
654	3021	0.05234123273157655
654	3518	0.04341891906323866
655	3021	0.05250773317869548
655	3518	0.04345420912017137
656	3021	0.05246858586457779
656	3518	0.04342181169085609
657	3021	0.05249654823180469
657	3518	0.04344495271179558
658	3021	0.05246858586457779
658	3518	0.04342181169085609
659	3021	0.05185824202854464
659	3518	0.04308026660278919
660	3021	0.05069412669404516
660	3518	0.04339288541468172
661	3021	0.05183005052000152
661	3518	0.04334273344372006
662	3021	0.04938278613836287
662	3518	0.04339404246572870
663	3021	0.04999193014392730
663	3518	0.04317529690985437
664	3021	0.05208984436237230
664	3518	0.00000000000000000
665	3021	0.05143490499277512
665	3518	0.04342325894152407
666	3021	0.05116884868557811
666	3518	0.04339057131258778
667	3021	0.05230187552602226
667	3518	0.04333175539551424
668	3021	0.05240662954153674
668	3518	0.04342666264683119
669	3021	0.00000000000000000
669	3518	0.04333916940439009
670	3021	0.05245740091768702
670	3518	0.04341255528248028
671	3021	0.05206918321862244
671	3518	0.04339636256600882
672	3021	0.05191741438163865
672	3518	0.04344553123731906
673	3021	0.05096539676020991
673	3518	0.04332297635612024
674	3021	0.04831508620047151
674	3518	0.04334025967832535
675	3021	0.04446456487945852
675	3518	0.04328408229711449
676	3021	0.04603043033564024
676	3518	0.04322514576180951
677	3021	0.00000000000000000
677	3518	0.00000000000000000
678	3021	0.05250283976443076
678	3518	0.04339960964684576
679	3021	0.05246964718483029
679	3518	0.04348197834529875
680	3021	0.05237073790212184
680	3518	0.04346693668168808
681	3021	0.05254338519690979
681	3518	0.04343312509001888
682	3021	0.05258183345184678
682	3518	0.04351553282566101
683	3021	0.05251332565214084
683	3518	0.04345883732435926
684	3021	0.05251402471132152
684	3518	0.04345941584988276
685	3021	0.05258532874775015
685	3518	0.04351842545327846
686	3021	0.05248328744708090
686	3518	0.04350627641728522
687	3021	0.05250003698696986
687	3518	0.04339077009771213
688	3021	0.05220269023721702
688	3518	0.04340501386406508
689	3021	0.05253429742756104
689	3518	0.04346047611538902
690	3021	0.05255526920298121
690	3518	0.04347544329641037
691	3021	0.05242373470225872
691	3518	0.04348660654948665
692	3021	0.05258323157020814
692	3518	0.04341121655174032
693	3021	0.05246374631721044
693	3518	0.04338185797679292
694	3021	0.05252590871739297
694	3518	0.04341586922244658
695	3021	0.05254408425609045
695	3518	0.04339295028575810
696	3021	0.05243948536010343
696	3518	0.04345883732435926
697	3021	0.05243486656684919
697	3518	0.04346057290092974
698	3021	0.05244365183727533
698	3518	0.04340337000160088
699	3021	0.05250562016693287
699	3518	0.04343703339899231
700	3021	0.05256855132741400
700	3518	0.04350454084071476
701	3021	0.05253150119083835
701	3518	0.00000000000000000
702	3021	0.00000000000000000
702	3518	0.04342743650580082
703	3021	0.05243830431972014
703	3518	0.04340845598618398
704	3021	0.05254897767035517
704	3518	0.04348834212605712
705	3021	0.05251083543900678
705	3518	0.04333910920463344
706	3021	0.05254268613772910
706	3518	0.04343395246418359
707	3021	0.05251612188886354
707	3518	0.04317643933174386
708	3021	0.05236033418130657
708	3518	0.04326193922467679
709	3021	0.05247965168453874
709	3518	0.04346997093923492
710	3021	0.05250283976443076
710	3518	0.04325460027826259
711	3021	0.05232178123970137
711	3518	0.00000000000000000
712	3021	0.05218813958285800
712	3518	0.04306794898136614
713	3021	0.05257064850495603
713	3518	0.04341572212925317
714	3021	0.05009268725093163
714	3518	0.04277028210288933
715	3021	0.05244149362879306
715	3518	0.00000000000000000
716	3021	0.05256225979478794
716	3518	0.04345716160739092
717	3021	0.05244057109285877
717	3518	0.04336876006910034
718	3021	0.05246921300637566
718	3518	0.04348718507501015
719	3021	0.05255806543970391
719	3518	0.04347823292262530
720	3021	0.05238517624882754
720	3518	0.04350106968757383
721	3021	0.05255666732134258
721	3518	0.04339631386813066
722	3021	0.05252031624394758
722	3518	0.04337051247933303
723	3021	0.00000000000000000
723	3518	0.04341504224089728
724	3021	0.00000000000000000
724	3518	0.04341367509663916
725	3021	0.05219224178296195
725	3518	0.04277293904019761
726	3021	0.05082722689114508
726	3518	0.04315707820538824
727	3021	0.05174721464084722
727	3518	0.04340992161169101
728	3021	0.05247281898465030
728	3518	0.04320976481228674
729	3021	0.05240567053831724
729	3518	0.04310161841394656
730	3021	0.05240497147913657
730	3518	0.04317724942495311
731	3021	0.05232681128793063
731	3518	0.04339230688915825
732	3021	0.05235055275749739
732	3518	0.04308036834911780
733	3021	0.05202046444976804
733	3518	0.04328869744071919
734	3021	0.05241615642602733
734	3518	0.04332655409808921
735	3021	0.05231170150708545
735	3518	0.04336106651088993
736	3021	0.05245180844424165
736	3518	0.04339223478230031
737	3021	0.05239798088732982
737	3518	0.04329965451689291
738	3021	0.05226372774133650
738	3518	0.04311175310297171
739	3021	0.05188526058477197
739	3518	0.04332686573516554
740	3021	0.05242804043209876
740	3518	0.04336924486481481
741	3021	0.05204797087199280
741	3518	0.04248118799461240
742	3021	0.05234010951593276
742	3518	0.04337900080211803
743	3021	0.05207478132494233
743	3518	0.04310762776137222
744	3021	0.05233489707170381
744	3518	0.04329010618886924
745	3021	0.00000000000000000
745	3518	0.04337032291926572
746	3021	0.05240287430159456
746	3518	0.04325911194044287
747	3021	0.05244831314833828
747	3518	0.04335453715430260
748	3021	0.05243153572800215
748	3518	0.04309829266075937
749	3021	0.05245250750342231
749	3518	0.04284985242106433
750	3021	0.00000000000000000
750	3518	0.04337552964897711
751	3021	0.05225244051575535
751	3518	0.04326528313345565
752	3021	0.05227165988034579
752	3518	0.04337090144478922
753	3021	0.00000000000000000
753	3518	0.04326863863134015
754	3021	0.05242734137291810
754	3518	0.04336866659279603
755	3021	0.05243992443817021
755	3518	0.00000000000000000
756	3021	0.05213193015691942
756	3518	0.03996412658427195
757	3021	0.05219918846046596
757	3518	0.03995612810669760
758	3021	0.05228346081007429
758	3518	0.04330357919784838
759	3021	0.05235743663459830
759	3518	0.04000465220398192
760	3021	0.05233859373589880
760	3518	0.03999025494434812
761	3021	0.05240706865667859
761	3518	0.03967958693418004
762	3021	0.05221321881004893
762	3518	0.03994624934495145
763	3021	0.05243433196472482
763	3518	0.03978717350969085
764	3021	0.05228646410468477
764	3518	0.03795507470127196
765	3021	0.05227590976500114
765	3518	0.03800107674537988
766	3021	0.05232307683442340
766	3518	0.03802995555643078
767	3021	0.05204179491564630
767	3518	0.03993702257133178
768	3021	0.05236330872309681
768	3518	0.04335288147846224
769	3021	0.05239168935470378
769	3518	0.04328642829235303
770	3021	0.05235308460085684
770	3518	0.04340098477201054
771	3021	0.05239867994651051
771	3518	0.04336395913850737
772	3021	0.05241336018930463
772	3518	0.04337610817450060
773	3021	0.05210240801962127
773	3518	0.04330543011881893
774	3021	0.05215637477945091
774	3518	0.04336511618955435
775	3021	0.05241545736684664
775	3518	0.04337784375107107
776	3021	0.05225990974281949
776	3518	0.04338362900630593
777	3021	0.05231087269564227
777	3518	0.04336229076350102
778	3021	0.05244062349735088
778	3518	0.04330189837544554
779	3021	0.05240147618323320
779	3518	0.04332843408933506
780	3021	0.05244062349735088
780	3518	0.04334397328608513
781	3021	0.00000000000000000
781	3518	0.00000000000000000
782	3021	0.05243852631980885
782	3518	0.04330998375547505
783	3021	0.05235004017764342
783	3518	0.04327744427111123
784	3021	0.05243922537898953
784	3518	0.04299129950689659
785	3021	0.05243922537898953
785	3518	0.04332332588152584
786	3021	0.05243642914226684
786	3518	0.04339519951677567
787	3021	0.05245530374014500
787	3518	0.04341081970590983
788	3021	0.05247837269310721
788	3518	0.04322499908403047
789	3021	0.05233720758898015
789	3518	0.04317400346134497
790	3021	0.05228327509538114
790	3518	0.04324342692186035
791	3021	0.05217852330975738
791	3518	0.04329032550104191
793	3021	0.05148350441256622
793	3518	0.00000000000000000
794	3021	0.00000000000000000
794	3518	0.04320722526349531
795	3021	0.05212312127633281
795	3518	0.04320782106635295
796	3021	0.05243712820144751
796	3518	0.04339577804229916
797	3021	0.05243642914226684
797	3518	0.04328785765300911
798	3021	0.05243852631980885
798	3518	0.04323004462227101
799	3021	0.05246089621359040
799	3518	0.04317350687846035
800	3021	0.05246299339113240
800	3518	0.04334488840719448
801	3021	0.05101835874369407
801	3518	0.04293925571878916
802	3021	0.05233050059161663
802	3518	0.04338305048078245
803	3021	0.05227173962024997
803	3518	0.04335701683222552
804	3021	0.05222354438835653
804	3518	0.04327961544335500
805	3021	0.05241965172193070
805	3518	0.04327476775740741
806	3021	0.05234646904549144
806	3518	0.04310265203476627
807	3021	0.00000000000000000
807	3518	0.04325832904845425
808	3021	0.05244481785243491
808	3518	0.04302436448827921
809	3021	0.05242804043209876
809	3518	0.04338825721049382
810	3021	0.05238708697714656
810	3518	0.04323294963629744
811	3021	0.05245460468096435
811	3518	0.04299656069517833
812	3021	0.00000000000000000
812	3518	0.04322702389569105
813	3021	0.05248046987064921
813	3518	0.00000000000000000
814	3021	0.05249654823180469
814	3518	0.04300807301752226
815	3021	0.05101092515210282
815	3518	0.04328478961450681
816	3021	0.05100684133774431
816	3518	0.04289135023184271
817	3021	0.05228128015913757
817	3518	0.04290617500128336
818	3021	0.05244272067489290
818	3518	0.04296181124876861
819	3021	0.05204882153427384
819	3518	0.04158497959240436
820	3021	0.05237598830075798
820	3518	0.04319226331634345
821	3021	0.00000000000000000
821	3518	0.00000000000000000
822	3021	0.00000000000000000
822	3518	0.04337482175965092
823	3021	0.05226192724985423
823	3518	0.04317007972759780
824	3021	0.05098554472329962
824	3518	0.04327734279200446
825	3021	0.05248606234409461
825	3518	0.04309348353682980
826	3021	0.05232193907648237
826	3518	0.04329209489184223
827	3021	0.05243293384636346
827	3518	0.04333219850163828
828	3021	0.05063125088568205
828	3518	0.04288467741480025
829	3021	0.05240636959749790
829	3518	0.04294590521259601
830	3021	0.05228565285573047
830	3518	0.04266511823052703
831	3021	0.05245670185850635
831	3518	0.04330254844872042
832	3021	0.05044597041409993
832	3518	0.00000000000000000
833	3021	0.00000000000000000
833	3518	0.00000000000000000
834	3021	0.05249864540934673
834	3518	0.00000000000000000
835	3021	0.05248326610737192
835	3518	0.04338904432763013
836	3021	0.05246019715440971
836	3518	0.04336155460525009
837	3021	0.00000000000000000
837	3518	0.04341602643562120
838	3021	0.05246299339113240
838	3518	0.04341718348666820
839	3021	0.05246858586457779
839	3518	0.04342181169085609
840	3021	0.05245390562178366
840	3518	0.04340966265486285
841	3021	0.05241196207094329
841	3518	0.04337495112345362
842	3021	0.05238088242895530
842	3518	0.04311369959260653
843	3021	0.05226811919157350
843	3518	0.04235035149918245
844	3021	0.05227979750044363
844	3518	0.04330842817522244
845	3021	0.05048508247046671
845	3518	0.04307854954529432
846	3021	0.05233583055555555
846	3518	0.00000000000000000
847	3021	0.05140176051664257
847	3518	0.04337548886128413
848	3021	0.05249375199508199
848	3518	0.04344263860970161
849	3021	0.05237967664366111
849	3518	0.04339648846742022
850	3021	0.05247697457474585
850	3518	0.04331086258334221
851	3021	0.05244062349735088
851	3518	0.04339867066991660
852	3021	0.05236201444089538
852	3518	0.04340040624648706
853	3021	0.05235348873171598
853	3518	0.04340098477201054
854	3021	0.05243852631980885
854	3518	0.04334223989694336
855	3021	0.05223167112993382
855	3518	0.04335212446747091
856	3021	0.05234519754829264
856	3518	0.04300198105508974
857	3021	0.05240061706688722
857	3518	0.04337967720014389
858	3021	0.05225572711422921
858	3518	0.04321564234591097
859	3021	0.00000000000000000
859	3518	0.00000000000000000
860	3021	0.05241608096908510
860	3518	0.04343527010950705
861	3021	0.05234811785211804
861	3518	0.04339462099125219
862	3021	0.05244971126669962
862	3518	0.04340619150172194
863	3021	0.05244411879325425
863	3518	0.04332508645613924
864	3021	0.05245879903604836
864	3518	0.04336601090756331
865	3021	0.05234395468571755
865	3518	0.04339924919544007
866	3021	0.05235042343714351
866	3518	0.04339462099125219
867	3021	0.05243433196472482
867	3518	0.04326304736575089
868	3021	0.05236155069840546
868	3518	0.04342296874190306
869	3021	0.05246019715440971
869	3518	0.04335173346169038
870	3021	0.05210953491235074
870	3518	0.04330519421675730
871	3021	0.05245320656260298
871	3518	0.04329545461188556
872	3021	0.00000000000000000
872	3518	0.00000000000000000
873	3021	0.05239084486938171
873	3518	0.00000000000000000
874	3021	0.05230095976880372
874	3518	0.04342111387537774
875	3021	0.05247208116048117
875	3518	0.04312105995831939
876	3021	0.05247138210130048
876	3518	0.04333571665537304
877	3021	0.05217044082186224
877	3518	0.04340792707829240
878	3021	0.05233428434196517
878	3518	0.04336799980332914
879	3021	0.05235485511065480
879	3518	0.04318481013038443
880	3021	0.05234581226709255
880	3518	0.04333712397912198
881	3021	0.05237345485968514
881	3518	0.04339754235862422
882	3021	0.05226816957563313
882	3518	0.04333805922000405
883	3021	0.05224239081964407
883	3518	0.04323939132221653
884	3021	0.05242873949127944
884	3518	0.04305231273046557
885	3021	0.05211080537049713
885	3518	0.04333984427485738
886	3021	0.05231556059744721
886	3518	0.04333142305556253
887	3021	0.05218100479409081
887	3518	0.04332357907176908
888	3021	0.05244761408915762
888	3518	0.04340445592515148
889	3021	0.05231278426844881
889	3518	0.04336800881717177
890	3021	0.05234442311677693
890	3518	0.04327030754034845
891	3021	0.05232395569213122
891	3518	0.04332382494775078
892	3021	0.05243153572800215
892	3518	0.04298309393176857
893	3021	0.05241196207094329
893	3518	0.04334359037358670
894	3021	0.05235651226550814
894	3518	0.04321137705892528
895	3021	0.05201840732565214
895	3518	0.04319242622449995
896	3021	0.05145087475600172
896	3518	0.04328657249674880
897	3021	0.05206998540383300
897	3518	0.04326231873373513
898	3021	0.00000000000000000
898	3518	0.04335858770621720
899	3021	0.05216717362537075
899	3518	0.04334708295609806
900	3021	0.05198666471309606
900	3518	0.04329719882187429
901	3021	0.05233111999581719
901	3518	0.04325577142316146
902	3021	0.05243153572800215
902	3518	0.04337736496853943
903	3021	0.05244411879325425
903	3518	0.04338587330209711
904	3021	0.05243922537898953
904	3518	0.04329793898518391
905	3021	0.05242873949127944
905	3518	0.04332260059361105
906	3021	0.00000000000000000
906	3518	0.04337802180707151
907	3021	0.05245250750342231
907	3518	0.04339091097684804
908	3021	0.05216482956878850
908	3518	0.04322295607639618
909	3021	0.05214296239257738
909	3518	0.00000000000000000
910	3021	0.05082386880656324
910	3518	0.04267231138562058
911	3021	0.05174569583048140
911	3518	0.00000000000000000
912	3021	0.05173666356567040
912	3518	0.04320673280678759
913	3021	0.05193562147026390
913	3518	0.04341197675695679
914	3021	0.05236675524849798
914	3518	0.04321581804640467
915	3021	0.05235953263239284
915	3518	0.04310050754157477
916	3021	0.05233601684253554
916	3518	0.04338037339570753
917	3021	0.05245600279932568
917	3518	0.04337071388978502
918	3021	0.05242384607701474
918	3518	0.04314924193992951
919	3021	0.05033683075550738
919	3518	0.04282635182407724
920	3021	0.05205712107796537
920	3518	0.04293170023948653
921	3021	0.05211713600242097
921	3518	0.04315606721647337
922	3021	0.05231231513328011
922	3518	0.00000000000000000
924	3021	0.00000000000000000
924	3518	0.04330921908491330
925	3021	0.05242035078111137
925	3518	0.04329770485360802
926	3021	0.05241405924848531
926	3518	0.04329355362843436
927	3021	0.05228123371042158
927	3518	0.00000000000000000
928	3021	0.05237281475682561
928	3518	0.04334255369413834
929	3021	0.05221564426382234
929	3518	0.04338594310839988
930	3021	0.05237350951910157
930	3518	0.04330241215372524
931	3021	0.05235979462601719
931	3518	0.04286369265753480
932	3021	0.05171191487153650
932	3518	0.04245821806508036
933	3021	0.05037821614001065
933	3518	0.00000000000000000
934	3021	0.05225996045326643
934	3518	0.00000000000000000
935	3021	0.05143571912122595
935	3518	0.00000000000000000
936	3021	0.05175546295187213
936	3518	0.00000000000000000
937	3021	0.05214039299439754
937	3518	0.04334155651980885
938	3021	0.05097280497819859
938	3518	0.04303942492545884
939	3021	0.05055534896189825
939	3518	0.04136678045199635
940	3021	0.05260140710890562
940	3518	0.04333640134030346
941	3021	0.05235694623165260
941	3518	0.04147299408958096
942	3021	0.05253919084182575
942	3518	0.04326306634117994
943	3021	0.05075265988731716
943	3518	0.04320519855390968
944	3021	0.05231586637260121
944	3518	0.04339445280037519
945	3021	0.05254338519690979
945	3518	0.04336817417455002
946	3021	0.00000000000000000
946	3518	0.04349875558547987
947	3021	0.00000000000000000
947	3518	0.04342973678428397
948	3021	0.00000000000000000
948	3518	0.00000000000000000
949	3021	0.00000000000000000
949	3518	0.04284134106854894
950	3021	0.05079011305042208
950	3518	0.04310552581106929
951	3021	0.05089475229263316
951	3518	0.04342354726742654
952	3021	0.05242682916318097
952	3518	0.04330413969358442
953	3021	0.05247697920912870
953	3518	0.04336625562600389
954	3021	0.05237061057843435
954	3518	0.04316238150758423
955	3021	0.05114501039020710
955	3518	0.04283864165112618
956	3021	0.05238058051150910
956	3518	0.04338452053138959
957	3021	0.05257763909676275
957	3518	0.04351206167252010
958	3021	0.05061932645384947
958	3518	0.04312193381462533
959	3021	0.05083506438132177
959	3518	0.04328206704569930
960	3021	0.05016079297284965
960	3518	0.04314219275465308
961	3021	0.04991025849367506
961	3518	0.04216148911909905
962	3021	0.05160935981380080
962	3518	0.00000000000000000
963	3021	0.05240047995474940
963	3518	0.04335683431232984
964	3021	0.05106333410303697
964	3518	0.04328936899613342
965	3021	0.05231740172002940
965	3518	0.04323301872095343
966	3021	0.05126003782797171
966	3518	0.04284714087328314
967	3021	0.05231126511458414
967	3518	0.04338037790462964
968	3021	0.05216208027226406
968	3518	0.04333036718438095
969	3021	0.05259441651709888
969	3518	0.04339336731963649
970	3021	0.05088710810803104
970	3518	0.04332225830140884
971	3021	0.05000762641645753
971	3518	0.04222565941550688
972	3021	0.04973913246634725
972	3518	0.00000000000000000
973	3021	0.05073571655132203
973	3518	0.00000000000000000
974	3021	0.05130401187035769
974	3518	0.04218040621970492
975	3021	0.00000000000000000
975	3518	0.00000000000000000
976	3021	0.05229914248897254
976	3518	0.04345710174778881
977	3021	0.05232987928708141
977	3518	0.04332788983716822
978	3021	0.05252870495411564
978	3518	0.04342239504089410
979	3021	0.05258253251102747
979	3518	0.04346689112055861
980	3021	0.05240230126910791
980	3518	0.04337058984138149
981	3021	0.05117495836216950
981	3518	0.04342898160538888
982	3021	0.05244489484308059
982	3518	0.04253882964540396
983	3021	0.05225243415310416
983	3518	0.04235647741985893
984	3021	0.05094980965916293
984	3518	0.04318918296350104
985	3021	0.05161256077870308
985	3518	0.04319237992711296
986	3021	0.04698048579106143
986	3518	0.04336256085436789
987	3021	0.05133902009848660
987	3518	0.04282866884772416
988	3021	0.00000000000000000
988	3518	0.00000000000000000
